20
9999 200 0 0 130 0 0 0 0 0 0 0 0 0 0 0 0 0 0 0
200 9999 200 0 0 0 0 0 0 0 0 0 0 0 0 0 0 0 0 0
0 200 9999 420 0 0 135 0 0 0 0 0 0 0 0 0 0 0 0 0
0 0 420 9999 0 0 0 0 0 0 0 0 0 0 0 0 0 0 0 0 0 
130 0 0 0 9999 240 0 210 0 0 0 0 0 0 0 0 0 0 0 0
0 0 0 0 240 9999 375 0 0 110 0 0 0 0 0 0 0 0 0 0
0 0 135 0 0 375 9999 0 0 110 0 0 0 0 0 0 0 0 0 0
0 0 0 0 210 0 0 9999 230 0 0 0 0 0 0 0 0 0 0 0
0 0 0 0 0 110 0 230 9999 360 0 0 0 0 0 0 0 0 0 0
0 0 0 0 0 0 110 0 360 9999 0 0 0 0 0 0 0 0 380 0 0
0 0 0 0 0 0 0 80 0 0 9999 220 0 0 0 0 0 0 0 0
0 0 0 0 0 0 0 0 80 0 220 9999 360 0 0 0 0 0 0 0
0 0 0 0 0 0 0 0 0 150 0 360 9999 0 0 0 0 0 0 0
0 0 0 0 0 0 0 0 0 0 415 0 0 9999 80 0 0 0 0 0
0 0 0 0 0 0 0 0 0 0 0 380 0 80 9999 340 0 0 0 0
0 0 0 0 0 0 0 0 0 0 0 0 380 0 340 9999 250 0 0 0
0 0 0 0 0 0 0 0 0 0 0 0 0 0 0 250 9999 440 0 0
0 0 0 0 0 0 0 0 0 380 0 0 0 0 0 0 440 9999 100 0
0 0 0 0 0 0 0 0 0 0 0 0 0 0 0 0 0 100 9999 140
0 0 0 0 0 0 0 0 0 0 0 0 0 0 0 0 0 0 140 9999