15
9999 120 0 0 0 0 256 0 0 0 0 0 0 0 0
120 9999 116 0 0 0 0 0 360 0 0 0 0 0 0
0 116 9999 88 0 0 0 0 0 0 0 0 0 50 0
0 0 88 9999 195 0 0 0 0 0 0 0 0 0 40
0 0 0 195 9999 0 0 0 0 0 0 0 0 0 0
0 0 0 0 0 9999 115 0 0 0 0 0 0 0 0
256 0 0 0 0 115 9999 118 0 0 0 0 0 0 0 
0 0 0 0 0 0 118 9999 150 0 0 0 0 0 0
0 360 0 0 0 0 0 150 9999 115 0 0 0 0 0 
0 0 0 0 0 0 0 0 115 9999 90 0 0 300 0
0 0 0 0 0 0 0 0 0 90 9999 160 0 0 290 
0 0 0 0 0 0 0 0 0 0 160 9999 100 0 0 
0 0 0 0 0 0 0 0 0 0 0 100 9999 0 0 0
0 0 50 0 0 0 0 0 0 300 0 0 0 9999 80
0 0 0 40 0 0 0 0 0 0 290 0 0 80 9999

 